5.669260033521199560e-01
6.208513457828329640e-01
-6.807282281995890028e-01
-6.670152084327219955e-01
-7.120345141559459856e-01
5.668238397231859516e-01
6.210486402260050331e-01
-6.807937206258519724e-01
-6.667998747561509898e-01
-7.120569653864310400e-01
5.667442653760460525e-01
6.209498657949370504e-01
-6.806185505015339698e-01
-6.669569133833449515e-01
-7.117665008329220333e-01
5.664626362308939900e-01
6.206642562509779859e-01
-6.802273577775960200e-01
-6.664087747954290375e-01
-7.117434877499609902e-01
5.664984171955459447e-01
6.209539822834649891e-01
-6.805378689254439895e-01
-6.665471976825479983e-01
-7.118428703405540459e-01
5.665083845157330433e-01
6.209056753661600370e-01
-6.802940561408260534e-01
-6.670192951950799642e-01
-7.120344867869919936e-01
5.664242121807170349e-01
6.209969283631240344e-01
-6.799666167703060093e-01
-6.667054674042010021e-01
-7.120650380407019808e-01
5.663742077588520552e-01
6.208129822392599584e-01
-6.802733666978000304e-01
-6.667904940261349944e-01
-7.120639797711200147e-01
5.665021563277760075e-01
6.209864693924660450e-01
-6.802577228748589722e-01
-6.670273059658119452e-01
-7.120552895639820079e-01
5.665469283649360310e-01
6.210997616358400197e-01
-6.802303487794070236e-01
-6.668474042708290028e-01
-7.119951674657429841e-01
5.664092715694239999e-01
6.207544768058800289e-01
-6.805165048898550451e-01
-6.668590466062850330e-01
-7.118982674116499654e-01
5.663662421149679993e-01
6.208560663361130105e-01
-6.804040778747899587e-01
-6.666188923680830269e-01
-7.118049782444380025e-01
5.661809526246509572e-01
6.207156605098319568e-01
-6.801581355903669746e-01
-6.669102888124009976e-01
-7.119259019165520286e-01
5.661237364850100207e-01
6.207886626748120307e-01
-6.808464128098570267e-01
-6.671289011344889719e-01
-7.118250414996379893e-01
5.662639486765950192e-01
6.207532772772389462e-01
-6.804973126993579813e-01
-6.670290662373460355e-01
-7.120234122147119926e-01
5.662290852240600136e-01
6.207456992943169993e-01
-6.807530011796110170e-01
-6.670031467793550162e-01
-7.120754499863279907e-01
5.661053415761529983e-01
6.208271790245589727e-01
-6.804697550317240218e-01
-6.668064129483129987e-01
-7.120602890326059864e-01
5.661636200575179689e-01
6.208272687927659517e-01
-6.809118939859359898e-01
-6.668293725335949773e-01
-7.121387204945049954e-01
5.665145748500329814e-01
6.210016218165680391e-01
-6.805729819969590366e-01
-6.671696134146100077e-01
-7.120691538667059950e-01
5.663905509937969818e-01
6.209523984045369760e-01
-6.804073760743230004e-01
-6.668458855801420171e-01
-7.119779003269079976e-01
5.664413425859290419e-01
6.207878240406019543e-01
-6.800623718415920171e-01
-6.667473463392069588e-01
-7.118901734302800488e-01
5.664781989921759964e-01
6.209877265173490146e-01
-6.806451474308550242e-01
-6.666068585396720536e-01
-7.119938895983110028e-01
5.661906185671109482e-01
6.209634305862189452e-01
-6.802792207577219585e-01
-6.668291259181390318e-01
-7.119733972289230550e-01
5.665921308528949485e-01
6.209102751955719590e-01
-6.805939029108899474e-01
-6.666232906354380150e-01
-7.120429505634510159e-01
5.665128677008920421e-01
6.206852592112680478e-01
-6.805691235764059766e-01
-6.668758108759550440e-01
-7.121248127889769908e-01
5.663370986354200332e-01
6.210510934974650121e-01
-6.807209167730630117e-01
-6.668677794178310414e-01
-7.121195576364880431e-01
5.663529143478880368e-01
6.211819762615049534e-01
-6.807958021353039957e-01
-6.670071728523949695e-01
-7.116429559212380518e-01
5.666846397099090105e-01
6.209278069763579655e-01
-6.808034239874629634e-01
-6.667501230301909887e-01
-7.120718175297879871e-01
5.664223106792809492e-01
6.209684862530380212e-01
-6.805097975236860108e-01
-6.668310380579800523e-01
-7.120513570699860129e-01
5.664078507016919728e-01
6.209105423485770103e-01
-6.809084409936440041e-01
-6.668304936142579464e-01
-7.120654133212810377e-01
5.665496684264009764e-01
6.208106580574810351e-01
-6.806175889113470490e-01
-6.667951193180009506e-01
-7.120814189320150422e-01
5.664062178697060190e-01
6.210776166427119938e-01
-6.805417024756019728e-01
-6.669880515534190035e-01
-7.119602805917809585e-01
5.667673295386129739e-01
6.207495159144580388e-01
-6.799924349763569742e-01
-6.666165048031009732e-01
-7.120242663279060524e-01
5.662646157079970211e-01
6.208266018543520115e-01
-6.802083074084249725e-01
-6.668316964990620432e-01
-7.120314108083789506e-01
5.662044083661650351e-01
6.209595251302240104e-01
-6.806633195683150506e-01
-6.671202795828650167e-01
-7.121318248633260461e-01
5.663653453600769883e-01
6.209167407688670481e-01
-6.803470820162279553e-01
-6.667694983957189736e-01
-7.118491589169130274e-01
5.663861568519830136e-01
6.205972844243470288e-01
-6.806185514122330416e-01
-6.667861936420900193e-01
-7.118644026744740394e-01
5.658352406663399448e-01
6.207300613691359992e-01
-6.807049412780370456e-01
-6.667693102287930440e-01
-7.121976418194020386e-01
5.665749799963389899e-01
6.208581858723040137e-01
-6.806068520369400465e-01
-6.669074386166899959e-01
-7.119589614987590354e-01
5.665875528039729936e-01
6.209037498184629689e-01
-6.804530516230500314e-01
-6.668765805621019727e-01
-7.120855742626599483e-01
5.660941666677210549e-01
6.208114444845189706e-01
-6.804201400023700552e-01
-6.668553013877309699e-01
-7.121891886872410149e-01
5.662590629036430290e-01
6.207128564528110459e-01
-6.804623086790400066e-01
-6.667500064088429657e-01
-7.118589753033710554e-01
5.659564417722310337e-01
6.206168419667630332e-01
-6.800129324001840114e-01
-6.668495010802649725e-01
-7.118328218331499979e-01
5.659626086248950028e-01
6.208118663301199769e-01
-6.800069616374130321e-01
-6.668468932517650494e-01
-7.117637715128779519e-01
5.657792374100469868e-01
6.201281030416789797e-01
-6.797621127918760386e-01
-6.667619280461419828e-01
-7.119891177080379663e-01
5.657583762150669715e-01
6.201518658446080190e-01
-6.802371373543359967e-01
-6.666341451464780077e-01
-7.119242678232360344e-01
5.660785748685479568e-01
6.203419142176870293e-01
-6.799118505581119853e-01
-6.667022273859559700e-01
-7.118859829831050146e-01
5.660906000987440123e-01
6.203463451726799471e-01
-6.800708130172169463e-01
-6.667635374377129942e-01
-7.118809747838710233e-01
5.658198083549019763e-01
6.203898134291729871e-01
-6.799950465896540397e-01
-6.665861739991979507e-01
-7.119093314918070181e-01
5.659689759949529941e-01
6.201659364380730510e-01
-6.800222919954499456e-01
-6.666343550304160148e-01
-7.120804329051200199e-01
5.657668307277059494e-01
6.203749679126719929e-01
-6.797022309050130273e-01
-6.669196416756849599e-01
-7.120252074422820376e-01
5.661531008170319623e-01
6.204099962485499775e-01
-6.799142136615170529e-01
-6.667927548930120407e-01
-7.119808184219129643e-01
5.658931247703340439e-01
6.201352173696810244e-01
-6.800484860724920200e-01
-6.669793211078249850e-01
-7.119749998920380518e-01
5.658985123771449466e-01
6.199715427834600057e-01
-6.802088182969969754e-01
-6.668366442231119517e-01
-7.120080126115100327e-01
5.657255554202009762e-01
6.205837866391750168e-01
-6.803120963848919844e-01
-6.665523164967790404e-01
-7.117359124802820070e-01
5.659750363039910415e-01
6.201984395131200367e-01
-6.799607824381309618e-01
-6.670376661343290214e-01
-7.123183531916430500e-01
5.657978178645159950e-01
6.202564712138409764e-01
-6.802203918275120387e-01
-6.669303770959980060e-01
-7.120048612173980329e-01
5.657473696695589638e-01
6.201026071327450095e-01
-6.797704735651810548e-01
-6.670487204679409476e-01
-7.121609176883350045e-01
5.653809785503279839e-01
6.201614648112420136e-01
-6.803980824899970026e-01
-6.668748520307760108e-01
-7.117366654362680123e-01
5.659227759435300209e-01
6.204455942372449906e-01
-6.798871348059339903e-01
-6.665229908131869996e-01
-7.119585997303029545e-01
5.655458643611319669e-01
6.205672227045360145e-01
-6.803302531924260155e-01
-6.673074017587979911e-01
-7.119144755396400459e-01
5.659076231550700387e-01
6.202084622974529671e-01
-6.800976350292959882e-01
-6.669485635559679881e-01
-7.121790817818810515e-01
5.654705009881360045e-01
6.199887151001119978e-01
-6.800713378668820086e-01
-6.670493724031130167e-01
-7.121394824806019930e-01
5.653441414653890273e-01
6.201743998174330530e-01
-6.800238988821120101e-01
-6.663460607353559606e-01
-7.123846448117380215e-01
5.656690318707320309e-01
6.202836891627040439e-01
-6.802556621672459780e-01
-6.674978653733040224e-01
-7.121302165961600483e-01
5.658456354352120465e-01
6.203199986962699697e-01
-6.801373220362190164e-01
-6.669722871484869975e-01
-7.118819352124780009e-01
5.659410393891729507e-01
6.202947327414519707e-01
-6.798018935653320494e-01
-6.667021234104619776e-01
-7.123181245832750363e-01
5.657680434901809496e-01
6.199661960808799943e-01
-6.798601307665780302e-01
-6.669928469864380149e-01
-7.119417053753569480e-01
5.652647241209119988e-01
6.202439122505040148e-01
-6.798063732823289573e-01
-6.668927641657790284e-01
-7.120258658239480010e-01
5.656169536383219842e-01
6.202601487007419756e-01
-6.799588915074670226e-01
-6.668413741840889530e-01
-7.120250277639890157e-01
5.658098203982230290e-01
6.203082336491410054e-01
-6.795035714662639448e-01
-6.671876232310870458e-01
-7.119864727388039993e-01
5.651911466131870343e-01
6.201612719507380023e-01
-6.801841762677119929e-01
-6.666340107258420522e-01
-7.117277337642879953e-01
5.658885035536059815e-01
6.201478077194969574e-01
-6.797187607254390196e-01
-6.669851179793839790e-01
-7.119987821206009704e-01
5.658382119795309917e-01
6.201676382762639772e-01
-6.800686322272130324e-01
-6.669327192323990516e-01
-7.118452515553089777e-01
5.660097640880740189e-01
6.203631616553410000e-01
-6.796758443551890183e-01
-6.668085605573139674e-01
-7.121461499009570373e-01
5.658257424810749781e-01
6.201647350786969604e-01
-6.800180587465379789e-01
-6.668137103055520321e-01
-7.118393250229989588e-01
5.659476822234540405e-01
6.204840492153900211e-01
-6.799125443230940036e-01
-6.669522598541419711e-01
-7.121495679490460473e-01
5.657116356877469610e-01
6.200120461232959679e-01
-6.799117352622719990e-01
-6.666655084214639926e-01
-7.118778934353630072e-01
5.659580247492459470e-01
6.203452917403340372e-01
-6.797365299235560432e-01
-6.670626352569489770e-01
-7.120071009803760065e-01
5.657243001200890076e-01
6.198396107419209544e-01
-6.799517544100259769e-01
-6.670610614309410158e-01
-7.118946014951870183e-01
5.657530444052649710e-01
6.200754662924039540e-01
-6.803117946732160082e-01
-6.668481186458630194e-01
-7.120253524242670107e-01
5.655882872053259458e-01
6.200995371906059539e-01
-6.799537648604360163e-01
-6.667178577650989535e-01
-7.120433973489530555e-01
5.658093544832699662e-01
6.200395810024970089e-01
-6.798714480369100199e-01
-6.669338741381020119e-01
-7.120854874265579726e-01
5.661269392373949882e-01
6.199699065803550013e-01
-6.799570891371720105e-01
-6.672273555096189801e-01
-7.119543152476359715e-01
5.659072165685390399e-01
6.202371643902120368e-01
-6.798653415027110514e-01
-6.672497443837980269e-01
-7.121190895140320221e-01
5.657864787508609661e-01
6.201349375231139938e-01
-6.800701134278159810e-01
-6.670202041250939962e-01
-7.117497835352289970e-01
5.658917861454350051e-01
6.200717798999030306e-01
-6.797647511141760024e-01
-6.671568186430999470e-01
-7.122311221758610422e-01
5.655776879605850516e-01
6.200504946230960268e-01
-6.799946873067550523e-01
-6.671271297226599728e-01
-7.117980192442889820e-01
5.654879187194890022e-01
6.201035779897080547e-01
-6.802603630316389483e-01
-6.670232957601970325e-01
-7.120577066356630347e-01
5.658207067551299652e-01
6.202581795528719910e-01
-6.796251230047170022e-01
-6.670537124379229965e-01
-7.119813556070739846e-01
5.658779979808430394e-01
6.199543348223499617e-01
-6.798953992861870299e-01
-6.666915345958980277e-01
-7.120107297447999528e-01
5.656282029321400007e-01
6.201088402991900006e-01
-6.800112004294950330e-01
-6.669586279792939498e-01
-7.120340378599420150e-01
5.658495827106120313e-01
6.202028298088100300e-01
-6.799655230858709931e-01
-6.672245240223090290e-01
-7.119231968685859613e-01
5.659245326018029765e-01
6.202034372199279888e-01
-6.799873633315339783e-01
-6.670477995974040120e-01
-7.120241096906420042e-01
5.656312061250859946e-01
6.203641618968870342e-01
-6.797337460684159671e-01
-6.667416753726029821e-01
-7.120205954880269861e-01
5.657492279617609698e-01
6.203267271496289981e-01
-6.802630515164119762e-01
-6.669397000037140533e-01
-7.120179426781190202e-01
5.656798440430620412e-01
6.199498540165060412e-01
-6.800429640906380246e-01
-6.665374550846550061e-01
-7.118048991460169672e-01
5.657304042286049883e-01
6.198995198462200484e-01
-6.802277737185640216e-01
-6.669592790976880403e-01
-7.121511315277230247e-01
5.658226452438169796e-01
6.199662041443330107e-01
-6.798711024519370483e-01
-6.670913018849350395e-01
-7.120762233412120112e-01
5.655828164880920550e-01
6.201997315658149823e-01
-6.798460179844000306e-01
-6.669325734467299593e-01
-7.119107923885159561e-01
5.659656887990219820e-01
6.202513450874840295e-01
-6.800253812385770313e-01
-6.672582942851380539e-01
-7.119298429061110545e-01
5.660184555359439873e-01
6.197274727696120422e-01
-6.801104525834480441e-01
-6.669052786199699545e-01
-7.118268173883910421e-01
5.659604968977489658e-01
6.201448847934090125e-01
-6.799052607482419797e-01
-6.668431941783049544e-01
-7.119372272652050304e-01
5.656790647761910096e-01
6.201441729263580394e-01
-6.799713263214920422e-01
-6.670386475067490162e-01
-7.117520604229500281e-01
5.659942885539890334e-01
6.198166125225329504e-01
-6.800353042152119665e-01
-6.672479698059670117e-01
-7.120564318107119872e-01
5.657995113234569606e-01
6.200937242032400487e-01
-6.796855585996589566e-01
-6.670281751833909700e-01
-7.119801797057320192e-01
5.658741378707410341e-01
6.200255199135129569e-01
-6.801129797731170212e-01
-6.669559338226029865e-01
-7.120348484767810016e-01
5.657070212331499759e-01
6.200362969316129957e-01
-6.801027959983849680e-01
-6.670692853516769771e-01
-7.119270713287519925e-01
5.657710622557400315e-01
6.200072276612520472e-01
-6.799322964823989457e-01
-6.671213515835889840e-01
-7.119565776526399770e-01
5.654397418515340057e-01
6.200877548344150281e-01
-6.797358542084690480e-01
-6.670810374957599764e-01
-7.122035021205710414e-01
5.657023808232970463e-01
6.199580999257390257e-01
-6.799324299897060442e-01
-6.669538940533720206e-01
-7.119954042532730121e-01
5.659869824473090505e-01
6.199152448606940480e-01
-6.798934581561419943e-01
-6.671863457123220487e-01
-7.120816343018180339e-01
5.657089036050679809e-01
6.200414809078820255e-01
-6.798297224141499617e-01
-6.669851156658740399e-01
-7.118322720129689474e-01
5.659538599392389679e-01
6.202916967098319745e-01
-6.798411529846160040e-01
-6.668663441677810111e-01
-7.119995776410820154e-01
5.660819015101790086e-01
6.199373969161280362e-01
-6.798793053248960438e-01
-6.670434227946000494e-01
-7.120623747813199511e-01
5.655970470433570041e-01
6.200946041890510463e-01
-6.796913135022949470e-01
-6.669955628232689948e-01
-7.119562086210829976e-01
5.656577867810259619e-01
6.200824477149099456e-01
-6.796604173735469878e-01
-6.671570883547059960e-01
-7.119902498578549732e-01
5.657417255846880488e-01
6.200872784842910157e-01
-6.799443014639060534e-01
-6.668755868355550342e-01
-7.120646509791099810e-01
5.656832494687650259e-01
6.198583915684180434e-01
-6.798370969925330298e-01
-6.672975019974259903e-01
-7.120599743553479577e-01
5.658852737908359742e-01
6.202012223461700335e-01
-6.802361795028459834e-01
-6.669057840278079796e-01
-7.120822383963669733e-01
5.660183431770130502e-01
6.198552752555840373e-01
-6.799442270193960525e-01
-6.670343893265759938e-01
-7.121984379354020511e-01
5.657856924053770165e-01
6.200339869461880538e-01
-6.803530815291529699e-01
-6.672613353203239450e-01
-7.121630643755629819e-01
5.661295812161170060e-01
6.201836022311629781e-01
-6.800446948655419765e-01
-6.672377360003970415e-01
-7.122462454644099550e-01
5.656905738209589973e-01
6.199520360121539841e-01
-6.800371822241689790e-01
-6.673340240612519736e-01
-7.123504114767219564e-01
5.652774813554960476e-01
6.203432846048789751e-01
-6.799880992577890249e-01
-6.674922837212310389e-01
-7.122868479769079997e-01
5.657294591397069583e-01
6.204500472791529830e-01
-6.804526615915269527e-01
-6.675019753403990119e-01
-7.121923863974930491e-01
5.659036301861170015e-01
6.201285311455509985e-01
-6.803245487271100123e-01
-6.676500095067360308e-01
-7.122139374056729588e-01
5.658830744300530347e-01
6.203098121837079537e-01
-6.800446063650850137e-01
-6.670467602759859727e-01
-7.123601933304729572e-01
5.660149064314690115e-01
6.204467308704809669e-01
-6.803221725933350505e-01
-6.672166804549639618e-01
-7.121776744504819678e-01
5.661576882799990162e-01
6.202439694833380424e-01
-6.803003441446220378e-01
-6.673917846334179726e-01
-7.121984165047420268e-01
5.661680764755150363e-01
6.204187733755559542e-01
-6.804071680080600037e-01
-6.675988377550710062e-01
-7.123201452081899809e-01
5.658011647146800049e-01
6.205630364482860317e-01
-6.804120765300459839e-01
-6.670876437050089480e-01
-7.120936333141629770e-01
5.660609795567690394e-01
6.201404995352960414e-01
-6.804518094471709855e-01
-6.673525413394170158e-01
-7.119218297945070217e-01
5.660520348418499603e-01
6.203544959655079571e-01
-6.804021592873039648e-01
-6.670414563228980187e-01
-7.118374317333689971e-01
5.659721840539879700e-01
6.204054683622010069e-01
-6.804390623660899751e-01
-6.669460137084809448e-01
-7.121830090998579887e-01
5.661778220388850036e-01
6.204354769707589590e-01
-6.801904228223889515e-01
-6.672952119931410131e-01
-7.121501937163210449e-01
5.661839724791899453e-01
6.202207345222430224e-01
-6.801170761181329905e-01
-6.669400035996609910e-01
-7.119609241663780175e-01
5.665053636229070433e-01
6.205233036889650222e-01
-6.801235101689669937e-01
-6.670864761662670395e-01
-7.122580846996799941e-01
5.662058848348929807e-01
6.201693569397479511e-01
-6.803953769933620555e-01
-6.672616082037909901e-01
-7.120115495757149970e-01
5.666545212312530388e-01
6.201894161067410538e-01
-6.804109183737040434e-01
-6.670665266789930214e-01
-7.121668111257279943e-01
5.659099411849249917e-01
6.205540302644110273e-01
-6.799695547539850171e-01
-6.671130574547220471e-01
-7.120044743675020271e-01
5.656743794246340551e-01
6.202701735878900502e-01
-6.801151691092219842e-01
-6.669495249851099539e-01
-7.120147013943149972e-01
5.662194309015260441e-01
6.206323333189179836e-01
-6.799384295419339530e-01
-6.670519861560419983e-01
-7.122494747169140217e-01
5.665851615757060422e-01
6.207488897776579639e-01
-6.805281237052770438e-01
-6.674493376806309719e-01
-7.120957287009329617e-01
5.661348829008709949e-01
6.200066612414150136e-01
-6.802600648093060087e-01
-6.671436393561549494e-01
-7.121354817007470306e-01
5.660899965154390090e-01
6.200056105121900529e-01
-6.803969465053250065e-01
-6.669902500743679630e-01
-7.117223662588879618e-01
5.662023040479510216e-01
6.199585015896059703e-01
-6.799404835604100361e-01
-6.670781958634910414e-01
-7.120951829322189619e-01
5.658288072758820286e-01
6.198457058393590513e-01
-6.804215041922729856e-01
-6.669226804479889692e-01
-7.119898162582699586e-01
5.665429424764759636e-01
6.204027941258799528e-01
-6.804111120325410100e-01
-6.668154011526119529e-01
-7.119576867489969541e-01
5.663687194263640201e-01
6.201560037897160260e-01
-6.800815402787609987e-01
-6.671171877751479462e-01
-7.121112593323749573e-01
5.663764600021200524e-01
6.200836354242910131e-01
-6.797146732883070364e-01
-6.668480434722919847e-01
-7.118505325628620151e-01
5.662011481025990278e-01
6.196850473248189939e-01
-6.799864732028020331e-01
-6.668848927556479955e-01
-7.117307423665260036e-01
5.662400128185749448e-01
6.197984304612019768e-01
-6.801981269565660071e-01
-6.667673067437549506e-01
-7.120904282763169668e-01
5.663068319884619894e-01
6.200410299784360202e-01
-6.805140598662660079e-01
-6.670856823278560332e-01
-7.118789477392869491e-01
5.663552490531720274e-01
6.201212228879600108e-01
-6.805279190476789530e-01
-6.671250463126630059e-01
-7.120730631402000244e-01
5.661725693158240480e-01
6.200200194534709608e-01
-6.802473673606800331e-01
-6.670435498345740344e-01
-7.119753561632220507e-01
5.660467976165249882e-01
6.203918918871930144e-01
-6.803214012015790235e-01
-6.669079295790899531e-01
-7.121039881965339768e-01
5.662949780848060000e-01
6.201511508382030469e-01
-6.802593949669160089e-01
-6.671029569345230392e-01
-7.119767269348620253e-01
5.664301769202929604e-01
6.204041766887159470e-01
-6.804620956127389597e-01
-6.669972670973739470e-01
-7.120328418892339917e-01
5.664087105211780271e-01
6.202148121136059622e-01
-6.805237798255520110e-01
-6.670165252093099850e-01
-7.118933012009720507e-01
5.662168091553609894e-01
6.198248502642520474e-01
-6.805266763324270274e-01
-6.671023214251710076e-01
-7.118142474642109585e-01
5.662914519865039908e-01
6.197912940692640316e-01
-6.801570338538359684e-01
-6.671007992255399977e-01
-7.119872924856349705e-01
5.662263135658920366e-01
6.193971289117470302e-01
-6.795673581204959568e-01
-6.665820905117679773e-01
-7.117457638747419768e-01
5.663040482189509728e-01
6.198512703751920538e-01
-6.795307935920640308e-01
-6.669146635585799787e-01
-7.119299134511799521e-01
5.656920474685820377e-01
6.199246898496859615e-01
-6.801071434222799583e-01
-6.665683398330990439e-01
-7.121106045525330552e-01
5.658873427128260358e-01
6.198467318642459922e-01
-6.797213367565999587e-01
-6.669069809674760263e-01
-7.118451789400409568e-01
5.657546357335510034e-01
6.198562914877120411e-01
-6.797548852480910231e-01
-6.670830140217649529e-01
-7.119592751188700275e-01
5.656548797800969863e-01
6.199869193947820101e-01
-6.801862509817899749e-01
-6.664468260662349541e-01
-7.121358318483029803e-01
5.659012921031729704e-01
6.199391900039850078e-01
-6.804385662915689581e-01
-6.667732151922589612e-01
-7.118120212634769794e-01
5.658949001947839452e-01
6.201394465832089642e-01
-6.802068868202210128e-01
-6.671510863103400357e-01
-7.119181155415349460e-01
5.658813123753619889e-01
6.199189671249729638e-01
-6.796737952373439473e-01
-6.674379420382630101e-01
-7.120335932122690004e-01
5.660611834303980183e-01
6.201315808166639743e-01
-6.796168833924070007e-01
-6.671313653598639482e-01
-7.119746260773399671e-01
5.657985070963550411e-01
6.197874478848589552e-01
-6.799401694416039588e-01
-6.669372396533900238e-01
-7.119078276689769780e-01
5.660436615916919489e-01
6.202413386447369614e-01
-6.799909533929160421e-01
-6.668977166159310022e-01
-7.121199870643729612e-01
5.657747975347789948e-01
6.201036218100639541e-01
-6.796603011208409706e-01
-6.666784517311550307e-01
-7.120348532083790039e-01
5.656823805670849747e-01
6.198640798874269775e-01
-6.799585051851669837e-01
-6.670548896608550216e-01
-7.119470301747310437e-01
5.657074617644990422e-01
6.199912660407309595e-01
-6.797606053402529547e-01
-6.671978082770549934e-01
-7.119523236696529978e-01
5.660113941647080260e-01
6.198788937810150168e-01
-6.798648942490930214e-01
-6.670332185146690129e-01
-7.118514927364330003e-01
5.656982636715329749e-01
6.195892379094279923e-01
-6.798549781173589546e-01
-6.670367008523310215e-01
-7.117906869539349923e-01
5.655718518553599639e-01
6.200204986978590238e-01
-6.800386378244469565e-01
-6.670273807916560216e-01
-7.119188417261840263e-01
5.656144777482480235e-01
6.199905324154200148e-01
-6.797506369225939649e-01
-6.671464026541310544e-01
-7.118042969996379865e-01
5.656084372402839788e-01
6.198154746978460361e-01
-6.798487843543049580e-01
-6.671421027800820136e-01
-7.120986427949790309e-01
5.655045193403499537e-01
6.198627428499799974e-01
-6.797990077617209748e-01
-6.672028300422560010e-01
-7.120215505972860015e-01
5.658362334076060263e-01
6.197646426564039634e-01
-6.801355107617930162e-01
-6.672135411383339765e-01
-7.121375582189459763e-01
5.659107645805739883e-01
6.200706007181540080e-01
-6.799074817870760512e-01
-6.672671576944290139e-01
-7.119569872303409541e-01
5.657702490901269643e-01
6.199948423853149926e-01
-6.798375313880840043e-01
-6.672282623766919718e-01
-7.121104251009889863e-01
5.658686123429229609e-01
6.198789957099849479e-01
-6.801716410459309747e-01
-6.668790776717909985e-01
-7.118366322033969906e-01
5.659000833160130473e-01
6.200727648951349646e-01
-6.800742325223210205e-01
-6.672521524987810038e-01
-7.118421976187819800e-01
5.662127596687459574e-01
6.199379648098739537e-01
-6.799288245741129666e-01
-6.670271483869040230e-01
-7.120797667516950424e-01
5.658637486633649738e-01
6.200456294490179765e-01
-6.799495302689489984e-01
-6.672756907841590479e-01
-7.119065832191110443e-01
5.658208083035960456e-01
6.200678825530200333e-01
-6.796484421252529939e-01
-6.672365982425659814e-01
-7.120103598716830406e-01
5.658157500408399487e-01
6.199579876847659543e-01
-6.797827195555899982e-01
-6.668857176799950492e-01
-7.119990044616290037e-01
5.658205111363949769e-01
6.198425358774819482e-01
-6.801107253554660170e-01
-6.670149208971200006e-01
-7.121313130323410068e-01
5.659730830385349964e-01
6.200705608247539802e-01
-6.800419189250560548e-01
-6.674071847929390344e-01
-7.121602540897840061e-01
5.661657439736570430e-01
6.201571861907959615e-01
-6.801941316272790417e-01
-6.671199227477360161e-01
-7.120066836567490176e-01
5.657801630274570392e-01
6.200488919758140316e-01
-6.800285973299939890e-01
-6.671402656831989519e-01
-7.119721698992119707e-01
5.660937328892500231e-01
6.203125426167389600e-01
-6.801227048875839731e-01
-6.669128538853119625e-01
-7.118997174122190241e-01
5.661145894496379949e-01
6.204052453780629639e-01
-6.803721658043070386e-01
-6.670473932290740260e-01
-7.119818080291400175e-01
5.661788593682359760e-01
6.201543297672159616e-01
-6.800001343096210293e-01
-6.669935680118950216e-01
-7.120480293566739949e-01
5.659898692948459598e-01
6.201567047464080495e-01
-6.801792816025009625e-01
-6.671766694811780418e-01
-7.120748031610389939e-01
5.662127074356280154e-01
6.200603435044720335e-01
-6.803969599733270535e-01
-6.669014318946919762e-01
-7.120483086289089991e-01
5.660467155582770138e-01
6.200621941072029797e-01
-6.804094288990509831e-01
-6.671754303723149704e-01
-7.121053227540720121e-01
5.662445119555009621e-01
6.203236647741470211e-01
-6.803762409848129744e-01
-6.672399013066999673e-01
-7.120842508324669584e-01
5.662655804328099451e-01
6.198982072284100475e-01
-6.800850772612589967e-01
-6.668532124896630053e-01
-7.119151181337930456e-01
5.659374784323599750e-01
6.200196725165829648e-01
-6.801810384288410338e-01
-6.669172045444470287e-01
-7.118303101332690286e-01
5.661925578038840001e-01
6.199190568524559630e-01
-6.797690687038570045e-01
-6.669489610372729693e-01
-7.119940867768880244e-01
5.653634039817959644e-01
6.195166732609740379e-01
-6.792965891996209926e-01
-6.668477741603170417e-01
-7.119434015558889772e-01
5.652426217326339541e-01
6.191320112923129892e-01
-6.798460696522989899e-01
-6.667032107273960229e-01
-7.118305515730150024e-01
5.657094755158289523e-01
6.195452036065060009e-01
-6.797695012347529930e-01
-6.668601299936169902e-01
-7.119585172960739561e-01
5.657969883304030390e-01
6.199218135367859928e-01
-6.799591153709939606e-01
-6.672685612359710028e-01
-7.120617430697719907e-01
5.659573943774139915e-01
6.201953136994700078e-01
-6.801129463844699519e-01
-6.669348886270689558e-01
-7.120875595505119504e-01
5.655344425018039578e-01
6.199567673866349660e-01
-6.800029649362819839e-01
-6.672882915097350098e-01
-7.121982835301680081e-01
5.655135112526630259e-01
6.199815519672330355e-01
-6.798282609115640085e-01
-6.669245546123859780e-01
-7.118977200102060143e-01
5.657843598952859709e-01
6.198105276471980174e-01
-6.798092160868329792e-01
-6.668071003371569550e-01
-7.119270208353489782e-01
5.660662746743819751e-01
6.200097328507190308e-01
-6.801350913410749710e-01
-6.667871799040829828e-01
-7.119684229788330043e-01
5.658146216800390427e-01
6.199161573431669625e-01
-6.797867582043970458e-01
-6.673047869917539954e-01
-7.121253885862709465e-01
5.654607476088649998e-01
6.199955536841500470e-01
-6.795876465325410010e-01
-6.669021634432980017e-01
-7.117259055441950144e-01
5.657078060276119480e-01
6.200220761416590509e-01
-6.798658506888589637e-01
-6.669763715290230044e-01
-7.119406381497590530e-01
5.656822068185659580e-01
6.199957333065270193e-01
-6.797801531456989510e-01
-6.668870366301510311e-01
-7.118554001125959596e-01
5.656553449416059642e-01
6.200733802327420552e-01
-6.804458090687409699e-01
-6.676353109081399895e-01
-7.122137143178249863e-01
5.659539737589850406e-01
6.205827313162289860e-01
-6.801608475868220482e-01
-6.677056079039770387e-01
-7.123398450893799749e-01
5.658230916069669769e-01
6.202389472774909596e-01
-6.805549241892130397e-01
-6.670171073091919478e-01
-7.123029732356910282e-01
5.659581110837860196e-01
6.198472076702500333e-01
-6.797966606285199553e-01
-6.672636857769720375e-01
-7.120377351820410539e-01
5.654284395085390491e-01
6.201806442776069961e-01
-6.800949484279710244e-01
-6.667306917576409919e-01
-7.118808808725329840e-01
5.655813608591100383e-01
6.199022912612559555e-01
-6.801154887418420225e-01
-6.667143500130030542e-01
-7.121188378154650334e-01
5.658108331589289941e-01
6.201790484787930158e-01
-6.800061575134309644e-01
-6.671166188218660142e-01
-7.119659978063329620e-01
5.658444886685809472e-01
6.202312589028350365e-01
-6.797804400529939839e-01
-6.672347943720360330e-01
-7.118893694942299843e-01
5.659879572015470428e-01
6.199622549468499777e-01
-6.800030295886639875e-01
-6.670028095774429566e-01
-7.119466870739450393e-01
5.660152839364559485e-01
6.199034850488700510e-01
-6.797359377613010345e-01
-6.670836123521469707e-01
-7.119636427642790366e-01
5.659909638599059933e-01
6.198938135566369745e-01
-6.801581629964149611e-01
-6.673413812249540111e-01
-7.123160071237829571e-01
5.655492794939399603e-01
6.195867375851290548e-01
-6.798788699924970258e-01
-6.669665445986630026e-01
-7.119310924647640482e-01
5.657654104229330461e-01
6.198484101477259589e-01
-6.798292148965749959e-01
-6.669780846858679446e-01
-7.119576668814809883e-01
5.658901054330850444e-01
6.198559397741689736e-01
-6.799628460737949798e-01
-6.669894839684710197e-01
-7.119784687862890094e-01
5.657786907537170062e-01
6.199436009289700511e-01
-6.800676127944560445e-01
-6.669339412526319455e-01
-7.118510271439130177e-01
5.657548844544160183e-01
6.196952910481200449e-01
-6.799176275927919511e-01
-6.670258092565000130e-01
-7.118267025755550259e-01
5.658881306504099928e-01
6.199811278605540377e-01
-6.801333487722670545e-01
-6.672764389867269497e-01
-7.118912036765240314e-01
5.655398904862819487e-01
6.202403149648889613e-01
-6.800335738422490506e-01
-6.672463470677859609e-01
-7.121632296889249814e-01
5.658564276744110222e-01
6.198929112683859710e-01
-6.801021253280939982e-01
-6.668807607090160294e-01
-7.120863777689400154e-01
5.656811222952180529e-01
6.197006538781340002e-01
-6.801246910168210480e-01
-6.669750228608180009e-01
-7.119259948594449661e-01
5.656012559977610099e-01
6.196317897064419489e-01
-6.801230077673130481e-01
-6.671407536171100050e-01
-7.120194107518219573e-01
5.653865473831000132e-01
6.199399281506560166e-01
-6.798145726654010179e-01
-6.673709908079009656e-01
-7.122943555108920410e-01
5.654673164755019688e-01
6.200772852148590530e-01
-6.795170524925380207e-01
-6.666572566022650470e-01
-7.120318934343840001e-01
5.655340333070320025e-01
6.196052072421770474e-01
-6.796334075781460538e-01
-6.670640159945939729e-01
-7.117968423243560272e-01
5.658315853523959715e-01
6.201862060859399950e-01
-6.799235776450299751e-01
-6.670768571118930179e-01
-7.120282574324600100e-01
5.657452327096730293e-01
6.200000072477169777e-01
-6.803714307614919798e-01
-6.670519497917299923e-01
-7.120951669857029653e-01
5.657921979985000016e-01
6.200388010176309805e-01
-6.799893545983469734e-01
-6.669103906402720217e-01
-7.121999357495779615e-01
5.658180538091379663e-01
6.199596517974480525e-01
-6.797994742357019726e-01
-6.671188540131469669e-01
-7.120291945785129917e-01
5.658046741558520054e-01
6.197402076731469700e-01
-6.800794952131880011e-01
-6.667176781174309896e-01
-7.120242704702309799e-01
5.655012394154319555e-01
6.201246836625300407e-01
-6.798154427230620467e-01
-6.670075532756339909e-01
-7.120144205072099775e-01
5.658072926036340489e-01
6.199009605123839695e-01
-6.802106723774730135e-01
-6.668155240994290134e-01
-7.120103791948919625e-01
5.657020448793860234e-01
6.202132507630669922e-01
-6.798558164316790275e-01
-6.671302665932600240e-01
-7.122361398085269579e-01
5.657660785815009641e-01
6.201569576957719487e-01
-6.801739948454720297e-01
-6.668213043250680316e-01
-7.119221122707759530e-01
5.660472113412440276e-01
6.197728475494129752e-01
-6.800967940862719940e-01
-6.667398274831529692e-01
-7.122659833725040190e-01
5.655684384765869988e-01
6.199843470600939765e-01
-6.795241566777719955e-01
-6.672365184146770156e-01
-7.120715859400830183e-01
5.659118878808100384e-01
6.197603948537360186e-01
-6.801316109265980181e-01
-6.670535711808720514e-01
-7.121584857748209929e-01
5.657249860492720162e-01
6.199759853033609547e-01
-6.796944769332500247e-01
-6.669257296984000272e-01
-7.120624643910210549e-01
5.657315569838350378e-01
6.198642864245760276e-01
-6.800061364235250316e-01
-6.673344119544439845e-01
-7.122035146584599907e-01
5.658011343863159626e-01
6.201126817895600274e-01
-6.801740829831780522e-01
-6.672945754822110498e-01
-7.119702846458739742e-01
5.660321552210170193e-01
6.199399382680800263e-01
-6.801274866161960420e-01
-6.670609637135519465e-01
-7.119702330846640059e-01
5.657890737953570337e-01
6.199476893882629458e-01
-6.797131711273519672e-01
-6.669493861083479747e-01
-7.120089657092809610e-01
5.654026829795519848e-01
6.199512847194410536e-01
-6.797662305242659908e-01
-6.670288915976939625e-01
-7.121000570970580368e-01
5.658365125583799671e-01
6.201050405950510047e-01
-6.802329231817410005e-01
-6.671885728493069934e-01
-7.120565313026480103e-01
5.654377363744309548e-01
6.201828357766849820e-01
-6.800124325955909654e-01
-6.673094697262009767e-01
-7.120139515507529770e-01
5.657657706791100471e-01
6.198579099799049752e-01
-6.798448539250140366e-01
-6.670738236672419941e-01
-7.119089014843159591e-01
5.659925827369980400e-01
6.198463388958459497e-01
-6.799826636882040365e-01
-6.673527569771220413e-01
-7.123021542382349525e-01
5.658152737035629931e-01
6.198108662507190170e-01
-6.798739722659049578e-01
-6.670244815610719691e-01
-7.121016757270449693e-01
5.657086285915660095e-01
6.198036206802990389e-01
-6.797983059253119853e-01
-6.671651288006990033e-01
-7.118835180762530523e-01
5.656830467766339465e-01
6.195293083803450340e-01
-6.796727818757900552e-01
-6.669502152428310460e-01
-7.120318049041419739e-01
5.661115067075289664e-01
6.198285700631640527e-01
-6.797317586779969556e-01
-6.669595134388950353e-01
-7.121921152544059552e-01
5.652873531807669494e-01
6.195255905281420450e-01
-6.798454659879600293e-01
-6.671636469811840220e-01
-7.118964316832480099e-01
5.657535343219900481e-01
6.201271502847109929e-01
-6.799639333950530107e-01
-6.671790690250679612e-01
-7.121347612285680029e-01
5.665592659375220386e-01
6.205797740873989499e-01
-6.803522464148390458e-01
-6.672443386824670197e-01
-7.120352579493079981e-01
5.659073076351830434e-01
6.202774982762180311e-01
-6.802225275297779650e-01
-6.669509964830460103e-01
-7.120817763188169724e-01
5.661502050814040121e-01
6.204768671627830523e-01
-6.804529784036390527e-01
-6.672373659205940166e-01
-7.117958328419490277e-01
5.660292645795850230e-01
6.206517052499560538e-01
-6.803743387879039872e-01
-6.672850091567640307e-01
-7.120668325976660107e-01
5.663135963533429962e-01
6.203468743287570142e-01
-6.803315693268020548e-01
-6.671469360110590108e-01
-7.117501975296069983e-01
5.661437273699869710e-01
6.204445809233439801e-01
-6.798112155525439793e-01
-6.670692758927839749e-01
-7.121470882744760367e-01
5.663365452790649623e-01
6.203767242371870383e-01
-6.800424951231900383e-01
-6.670203314789540094e-01
-7.120354481121500267e-01
5.663879362419009800e-01
6.204710594846359895e-01
-6.804015813912319688e-01
-6.670521922926200276e-01
-7.120139922731519855e-01
5.663226026693369830e-01
6.208060369700080239e-01
-6.802006913674769617e-01
-6.670330926049200526e-01
-7.121160953385630155e-01
5.665474401833709983e-01
6.205227848280869818e-01
-6.801169856479899467e-01
-6.668816924136039548e-01
-7.119361249578239903e-01
5.662698553916619693e-01
6.207119369729769964e-01
-6.803228378193000303e-01
-6.672727379672049874e-01
-7.119030523200829963e-01
5.664596856877780473e-01
6.204676820666189530e-01
-6.801926151484719574e-01
-6.669522344224969590e-01
-7.120457122557110052e-01
5.661946128192869576e-01
6.208156934890840528e-01
-6.805927140487489924e-01
-6.674875052214219728e-01
-7.119241625473630153e-01
5.662244726839820164e-01
6.207936497350839966e-01
-6.803317122941540118e-01
-6.672048005494040090e-01
-7.121148885506419779e-01
5.664236006795809741e-01
6.207204010868230259e-01
-6.802934608102110259e-01
-6.669280434608679808e-01
-7.120056449244870356e-01
5.663293684730910105e-01
6.206674237519590465e-01
-6.803337456286270291e-01
-6.670279039978550539e-01
-7.119243643171230262e-01
5.661435084381489791e-01
6.204875870416479700e-01
-6.801435498877610453e-01
-6.670629613500169697e-01
-7.119262649880460092e-01
5.664418744420770535e-01
6.205677825371980205e-01
-6.804638459020709851e-01
-6.671850857018040148e-01
-7.120655971470140067e-01
5.663120245125200514e-01
6.207015732666919527e-01
-6.804523805056740260e-01
-6.670753963243889473e-01
-7.120368945653979820e-01
5.662570145156200496e-01
6.207182338241710173e-01
-6.802302928502670376e-01
-6.671527698102049930e-01
-7.118072139442089830e-01
5.662104000911589718e-01
6.204751740309469854e-01
-6.804329283709450449e-01
-6.670673939585100021e-01
-7.120646251597919640e-01
5.662665126748199773e-01
6.203282314300959666e-01
-6.801340910734700040e-01
-6.668688670406920371e-01
-7.120217415470040390e-01
5.666043553752889705e-01
6.207303017659530076e-01
-6.806007917449750089e-01
-6.671814367944800539e-01
-7.121429737963429485e-01
5.666480342313460206e-01
6.206788980457910165e-01
-6.803484466330670388e-01
-6.672317134505799663e-01
-7.121503247655199820e-01
5.661036113973519912e-01
6.205344597773609916e-01
-6.804271010791209662e-01
-6.670788224201970040e-01
-7.119555015774799989e-01
5.665776676467040307e-01
6.205258391906329773e-01
-6.804595193325400082e-01
-6.668342750107979500e-01
-7.119361415155409656e-01
5.661983665220799988e-01
6.209609235716619935e-01
-6.800241437193740301e-01
-6.665966572440590321e-01
-7.121664134494499754e-01
5.665290419230689656e-01
6.207070449939380286e-01
-6.801703008661239558e-01
-6.672135110947630121e-01
-7.122440361213200344e-01
5.664037696109720521e-01
6.205282218868120037e-01
-6.800534955283720207e-01
-6.671496239699229447e-01
-7.119094903545719610e-01
